Using 4x4 for the default grid size

[1] 1 1 1 1 1
processing time for single node is
   user  system elapsed 
  0.006   0.000   0.006 
COMM.RANK = 0
      min      mean       max 
0.0680000 0.0693125 0.0700000 
[1] 100 100
             [,1]          [,2]          [,3]          [,4]         [,5]
[1,] 1.000000e+00  8.972947e-70  3.672706e-65  2.721248e-93 3.386621e-72
[2,] 8.972947e-70  1.000000e+00 7.149783e-103  8.043425e-90 1.492214e-83
[3,] 3.672706e-65 7.149783e-103  1.000000e+00 2.922954e-113 3.906307e-97
[4,] 2.721248e-93  8.043425e-90 2.922954e-113  1.000000e+00 1.407224e-99
[5,] 3.386621e-72  1.492214e-83  3.906307e-97  1.407224e-99 1.000000e+00
[1] 100 100
             [,1]          [,2]          [,3]          [,4]         [,5]
[1,] 1.000000e+00  8.972947e-70  3.672706e-65  2.721248e-93 3.386621e-72
[2,] 8.972947e-70  1.000000e+00 7.149783e-103  8.043425e-90 1.492214e-83
[3,] 3.672706e-65 7.149783e-103  1.000000e+00 2.922954e-113 3.906307e-97
[4,] 2.721248e-93  8.043425e-90 2.922954e-113  1.000000e+00 1.407224e-99
[5,] 3.386621e-72  1.492214e-83  3.906307e-97  1.407224e-99 1.000000e+00
[1] TRUE
