Using 2x2 for the default grid size

processing time for pbdDMAT is 
processing time for pbdDMAT is 
processing time for pbdDMAT is 
processing time for pbdDMAT is 
processing time for single node is
           [,1]      [,2]       [,3]       [,4]      [,5]
[1,] 2304679.85 -110883.4  148402.27   35123.79 -280654.8
[2,] -110883.45 1776475.3  173669.05 -137225.26 -124092.5
[3,]  148402.27  173669.0 1623192.67  -53672.45  305672.6
[4,]   35123.79 -137225.3  -53672.45 1819503.32  254924.9
[5,] -280654.76 -124092.5  305672.63  254924.91 2108387.9
           [,1]      [,2]       [,3]       [,4]      [,5]
[1,] 2304679.85 -110883.4  148402.27   35123.79 -280654.8
[2,] -110883.45 1776475.3  173669.05 -137225.26 -124092.5
[3,]  148402.27  173669.0 1623192.67  -53672.45  305672.6
[4,]   35123.79 -137225.3  -53672.45 1819503.32  254924.9
[5,] -280654.76 -124092.5  305672.63  254924.91 2108387.9
[1] TRUE
processing time for pbdDMAT is 
processing time for pbdDMAT is 
processing time for pbdDMAT is 
processing time for pbdDMAT is 
processing time for single node is
           [,1]         [,2]       [,3]         [,4]       [,5]
[1,] 3906896.37   53880.0984   22167.03 -753410.3907  643868.62
[2,]   53880.10 3703357.5430   68175.14    -654.6194   57374.53
[3,]   22167.03   68175.1413 4013608.33  364150.1349 -116842.53
[4,] -753410.39    -654.6194  364150.13 4111780.3072 -119047.93
[5,]  643868.62   57374.5309 -116842.53 -119047.9319 3711514.32
           [,1]         [,2]       [,3]         [,4]       [,5]
[1,] 3906896.37   53880.0984   22167.03 -753410.3907  643868.62
[2,]   53880.10 3703357.5430   68175.14    -654.6194   57374.53
[3,]   22167.03   68175.1413 4013608.33  364150.1349 -116842.53
[4,] -753410.39    -654.6194  364150.13 4111780.3072 -119047.93
[5,]  643868.62   57374.5309 -116842.53 -119047.9319 3711514.32
[1] TRUE
processing time for pbdDMAT is 
processing time for pbdDMAT is 
processing time for pbdDMAT is 
processing time for pbdDMAT is 
processing time for single node is
          [,1]       [,2]       [,3]       [,4]      [,5]
[1,] 5629462.7  159211.77 -439402.52  129984.11 -239473.7
[2,]  159211.8 6089367.27 -337294.15   97967.47  619435.5
[3,] -439402.5 -337294.15 6223711.87   57832.95  518147.4
[4,]  129984.1   97967.47   57832.95 6270111.23  303011.3
[5,] -239473.7  619435.50  518147.38  303011.35 7228020.3
          [,1]       [,2]       [,3]       [,4]      [,5]
[1,] 5629462.7  159211.77 -439402.52  129984.11 -239473.7
[2,]  159211.8 6089367.27 -337294.15   97967.47  619435.5
[3,] -439402.5 -337294.15 6223711.87   57832.95  518147.4
[4,]  129984.1   97967.47   57832.95 6270111.23  303011.3
[5,] -239473.7  619435.50  518147.38  303011.35 7228020.3
[1] TRUE
processing time for pbdDMAT is 
processing time for pbdDMAT is 
processing time for pbdDMAT is 
processing time for pbdDMAT is 
processing time for single node is
            [,1]        [,2]       [,3]      [,4]        [,5]
[1,] 8095239.636  -320569.93   122139.4  584385.5   -1341.431
[2,] -320569.935  8624835.64 -1267683.7 -327195.5  -23893.957
[3,]  122139.449 -1267683.73  8053639.6  960949.5 -283894.362
[4,]  584385.507  -327195.46   960949.5 8574560.8 -954047.262
[5,]   -1341.431   -23893.96  -283894.4 -954047.3 8488486.387
            [,1]        [,2]       [,3]      [,4]        [,5]
[1,] 8095239.636  -320569.93   122139.4  584385.5   -1341.431
[2,] -320569.935  8624835.64 -1267683.7 -327195.5  -23893.957
[3,]  122139.449 -1267683.73  8053639.6  960949.5 -283894.362
[4,]  584385.507  -327195.46   960949.5 8574560.8 -954047.262
[5,]   -1341.431   -23893.96  -283894.4 -954047.3 8488486.387
[1] TRUE
processing time for pbdDMAT is 
processing time for pbdDMAT is 
processing time for pbdDMAT is 
processing time for pbdDMAT is 
processing time for single node is
            [,1]        [,2]        [,3]        [,4]       [,5]
[1,] 10541634.09   101620.30   320823.86   -78153.94  500714.96
[2,]   101620.30 10327858.22  1188356.68   -37462.04  272218.49
[3,]   320823.86  1188356.68 10396173.53   525030.85   13330.35
[4,]   -78153.94   -37462.04   525030.85 10387553.75  343198.78
[5,]   500714.96   272218.49    13330.35   343198.78 9924580.56
            [,1]        [,2]        [,3]        [,4]       [,5]
[1,] 10541634.09   101620.30   320823.86   -78153.94  500714.96
[2,]   101620.30 10327858.22  1188356.68   -37462.04  272218.49
[3,]   320823.86  1188356.68 10396173.53   525030.85   13330.35
[4,]   -78153.94   -37462.04   525030.85 10387553.75  343198.78
[5,]   500714.96   272218.49    13330.35   343198.78 9924580.56
[1] TRUE
