Using 4x4 for the default grid size

processing time for single node is
[1] 30 30
   user  system elapsed 
  0.002   0.000   0.003 
     [,1]
[1,]    0
     [,1]
[1,]    0
     [,1]
[1,]    0
     [,1]
[1,]    0
     [,1]
[1,]    0
     [,1]
[1,]    0
     [,1]
[1,]    0
     [,1]
[1,]    0
     [,1]
[1,]    0
     [,1]
[1,]    0
     [,1]
[1,]    0
          [,1]
[1,] -11.60323
     [,1]
[1,]    0
     [,1]
[1,]    0
     [,1]
[1,]    0
     [,1]
[1,]    0
COMM.RANK = 0
      min      mean       max 
0.0810000 0.0890625 0.0910000 
         [,1]     [,2]     [,3]     [,4]     [,5]
[1,] 25.23361 16.82549 17.15464 14.48139 17.52731
[2,] 16.82549 31.93981 15.94487 12.15959 13.41255
[3,] 17.15464 15.94487 25.59845 12.75571 16.22743
[4,] 14.48139 12.15959 12.75571 28.26925 18.63855
[5,] 17.52731 13.41255 16.22743 18.63855 32.09237
         [,1]     [,2]     [,3]     [,4]     [,5]
[1,] 25.23361 16.82549 17.15464 14.48139 17.52731
[2,] 16.82549 31.93981 15.94487 12.15959 13.41255
[3,] 17.15464 15.94487 25.59845 12.75571 16.22743
[4,] 14.48139 12.15959 12.75571 28.26925 18.63855
[5,] 17.52731 13.41255 16.22743 18.63855 32.09237
Are the kernels same? 
[1] TRUE
Are D_sums same? 
[1] TRUE
Are P matrices same? 
[1] TRUE
Are g same? 
[1] TRUE
